forward = [ 0.9542059898376465, -0.28905051946640015, 0.0770769789814949 ]
fov_x = 70.0
origin = [ -10.721774101257324, 14.524685859680176, -1.151395559310913 ]
right = [ -0.03011677786707878, 0.1635230928659439, 0.9860796928405762 ]
up = [ 0.2976307272911072, 0.943244457244873, -0.1473294347524643 ]