forward = [ 0.883895218372345, -0.437948077917099, 0.16410571336746216 ]
fov_x = 70.0
origin = [ -13.763297080993652, 14.073714256286621, -3.585076093673706 ]
right = [ -0.15063589811325073, 0.06559967994689941, 0.9864104986190796 ]
up = [ 0.4427618384361267, 0.8966037034988403, 0.007987458258867264 ]