forward = [ -0.9923925399780273, -0.03935584798455238, -0.11665443331003189 ]
fov_x = 70.0
origin = [ 0.8667266964912415, 0.14859770238399506, 0.07568863779306412 ]
right = [ 0.12272454053163528, -0.24089249968528748, -0.962761402130127 ]
up = [ -0.009789111092686653, 0.9697535634040833, -0.24388985335826874 ]