forward = [ 0.2964683175086975, -0.7964168787002563, -0.527092695236206 ]
fov_x = 70.0
origin = [ -0.6100530028343201, 1.0639909505844116, 0.7690584063529968 ]
right = [ 0.920333981513977, 0.0908057689666748, 0.38044658303260803 ]
up = [ 0.2551310360431671, 0.5978916883468628, -0.759890615940094 ]