forward = [ 0.5838180780410767, -0.8101546764373779, 0.05296962708234787 ]
fov_x = 65.91200256347656
origin = [ -0.01817205175757408, 0.026888294145464897, 0.000536225619725883 ]
right = [ -0.4106026291847229, -0.2383471578359604, 0.8801113963127136 ]
up = [ 0.7004013061523438, 0.5355744957923889, 0.47180306911468506 ]