forward = [ -0.13938026130199432, -0.7762102484703064, -0.6148746609687805 ]
fov_x = 90.05500030517578
origin = [ 0.7446181774139404, 1.6439473628997803, 2.115689754486084 ]
right = [ 0.9902193546295166, -0.11316607147455215, -0.08160421252250671 ]
up = [ 0.006240924820303917, 0.6202347874641418, -0.784391462802887 ]