forward = [ -0.7696220278739929, -0.35590288043022156, 0.5301084518432617 ]
fov_x = 93.54399871826172
origin = [ 3.2978768348693848, 2.009197473526001, -1.4068790674209595 ]
right = [ -0.5480279326438904, -0.05782311409711838, -0.8344590663909912 ]
up = [ -0.3276389241218567, 0.9327324032783508, 0.15054279565811157 ]