forward = [ 0.5682307481765747, -0.8102291226387024, 0.14367544651031494 ]
fov_x = 70.0
origin = [ -0.517532229423523, 0.7708178162574768, -0.19482523202896118 ]
right = [ 0.04866786301136017, 0.20738860964775085, 0.977047324180603 ]
up = [ 0.8214287757873535, 0.5481958985328674, -0.1572766900062561 ]