forward = [ 0.44743266701698303, -0.5258964896202087, -0.7233511209487915 ]
fov_x = 70.0
origin = [ 0.17277172207832336, 0.8003801107406616, 0.7163156867027283 ]
right = [ 0.8489172458648682, -0.004680454730987549, 0.5285050868988037 ]
up = [ 0.2813245952129364, 0.8505356311798096, -0.44434842467308044 ]