forward = [ 0.810461699962616, -0.08006161451339722, -0.5802947878837585 ]
fov_x = 93.54399871826172
origin = [ -7.137568950653076, 13.399457931518555, -0.6718202233314514 ]
right = [ 0.5398232340812683, -0.2825932204723358, 0.7929262518882751 ]
up = [ 0.2274703085422516, 0.9558928608894348, 0.1858118623495102 ]