forward = [ -0.499914288520813, 0.7003139853477478, 0.5095547437667847 ]
fov_x = 70.0
origin = [ -0.09989431500434875, 0.13608014583587646, -0.2519457936286926 ]
right = [ 0.8567872047424316, 0.485831618309021, 0.17286761105060577 ]
up = [ 0.12649621069431305, -0.5229990482330322, 0.8428942561149597 ]