forward = [ -0.16553673148155212, 0.02980644814670086, -0.9857531785964966 ]
fov_x = 93.54399871826172
origin = [ 0.025135435163974762, 0.03237905725836754, 0.8519721627235413 ]
right = [ 0.9756356477737427, -0.14098678529262543, -0.1681007444858551 ]
up = [ 0.14398863911628723, 0.9895626306533813, 0.005741741042584181 ]