forward = [ 0.2992161214351654, 0.4009810984134674, 0.8658429384231567 ]
fov_x = 70.0
origin = [ 0.9696934223175049, -0.02795359306037426, -0.2618750333786011 ]
right = [ -0.952218770980835, 0.18371053040027618, 0.24398739635944366 ]
up = [ 0.0612301230430603, 0.897476851940155, -0.4367908835411072 ]