forward = [ 0.9125763773918152, -0.3291696012020111, 0.2425941377878189 ]
fov_x = 70.0
origin = [ -5.887544631958008, 0.430344820022583, -0.1190575435757637 ]
right = [ -0.23677869141101837, 0.058304887264966965, 0.9698125123977661 ]
up = [ 0.3333771824836731, 0.94246906042099, 0.0247326772660017 ]