forward = [ -0.41085338592529297, -0.6841995120048523, -0.6025534272193909 ]
fov_x = 90.05500030517578
origin = [ 0.7446181774139404, 1.6439473628997803, 2.115689754486084 ]
right = [ 0.9104421138763428, -0.34263086318969727, -0.231731116771698 ]
up = [ 0.04790307208895683, 0.6437974572181702, -0.7636950612068176 ]