forward = [ -0.9868504405021667, -0.13927172124385834, 0.08203431218862534 ]
fov_x = 93.54399871826172
origin = [ -1.566742181777954, 1.2229853868484497, 0.4844401180744171 ]
right = [ -0.07638023793697357, -0.045477159321308136, -0.9960411787033081 ]
up = [ -0.14245104789733887, 0.9892094135284424, -0.03424154594540596 ]