forward = [ -0.5262516736984253, -0.2035968154668808, -0.8255952596664429 ]
fov_x = 70.0
origin = [ 0.8371605277061462, 0.3993242383003235, 1.7266590595245361 ]
right = [ 0.8449286818504333, -0.23444993793964386, -0.4807584285736084 ]
up = [ 0.0956798866391182, 0.9505691528320312, -0.29540449380874634 ]