forward = [ -0.16502203047275543, -0.9704147577285767, 0.17624671757221222 ]
fov_x = 90.05500030517578
origin = [ 0.656424880027771, 2.579028367996216, -0.5245012640953064 ]
right = [ -0.49159133434295654, -0.07399087399244308, -0.8676770329475403 ]
up = [ -0.8550472259521484, 0.2298271656036377, 0.46483734250068665 ]