forward = [ -0.85592120885849, -0.34701007604599, 0.38338345289230347 ]
fov_x = 70.0
origin = [ 3.7659921646118164, 1.2008990049362183, -1.4308441877365112 ]
right = [ 0.4016158878803253, 0.02092874050140381, 0.9155690670013428 ]
up = [ 0.3257354199886322, -0.9376278519630432, -0.12145140022039413 ]