forward = [ 0.42358049750328064, -0.47030988335609436, -0.7742016315460205 ]
fov_x = 70.0
origin = [ -0.6573997139930725, 0.5290063619613647, 0.5561620593070984 ]
right = [ 0.8883609771728516, 0.04849931597709656, 0.45657700300216675 ]
up = [ 0.17718443274497986, 0.8811676502227783, -0.43834832310676575 ]