forward = [ -0.6069600582122803, -0.2920772433280945, -0.7391147017478943 ]
fov_x = 93.54399871826172
origin = [ 0.9697731733322144, 1.5082204341888428, 1.3123115301132202 ]
right = [ 0.698887825012207, -0.6389315128326416, -0.32143813371658325 ]
up = [ 0.3783588409423828, 0.7116582989692688, -0.5919350385665894 ]