forward = [ -0.006599506828933954, -0.5949383974075317, 0.8037441968917847 ]
fov_x = 70.0
origin = [ 0.4861641228199005, 0.2307995706796646, -0.3422601521015167 ]
right = [ -0.9839024543762207, 0.14740608632564545, 0.10103248059749603 ]
up = [ 0.17858488857746124, 0.7901391386985779, 0.5863341689109802 ]