forward = [ 0.9861544966697693, 0.11991842091083527, 0.11453747749328613 ]
fov_x = 70.0
origin = [ 0.3510899543762207, 0.10615643858909607, -0.044117674231529236 ]
right = [ -0.14278624951839447, 0.262800395488739, 0.9542264342308044 ]
up = [ -0.08432883769273758, 0.9573690891265869, -0.27628451585769653 ]