forward = [ -0.9940741062164307, -0.08053051680326462, -0.0730186253786087 ]
fov_x = 70.0
origin = [ -1.6582647562026978, 1.0602442026138306, -0.32907000184059143 ]
right = [ 0.07773111760616302, -0.05702132359147072, -0.9953423738479614 ]
up = [ -0.07599180936813354, 0.9951198101043701, -0.06294313818216324 ]