forward = [ 0.6101135015487671, -0.5467510223388672, 0.5734325647354126 ]
fov_x = 93.54399871826172
origin = [ 0.9214186668395996, 2.441915273666382, -1.4071811437606812 ]
right = [ -0.644765317440033, 0.07801004499197006, 0.7603894472122192 ]
up = [ 0.4604772627353668, 0.8336533308029175, 0.3049311339855194 ]