forward = [ 0.2321654111146927, -0.17295151948928833, 0.9571766257286072 ]
fov_x = 70.0
origin = [ -0.28679919242858887, -0.11127997934818268, -1.8735437393188477 ]
right = [ -0.9504892826080322, 0.16864469647407532, 0.2610156536102295 ]
up = [ 0.20656579732894897, 0.9703848361968994, 0.12523509562015533 ]