forward = [ 0.9614593982696533, -0.24373820424079895, -0.12723073363304138 ]
fov_x = 84.15699768066406
origin = [ 1.0013383626937866, 2.585390329360962, 0.08634699136018753 ]
right = [ 0.11061909049749374, -0.08072727918624878, 0.9905789494514465 ]
up = [ 0.2517128884792328, 0.9664754271507263, 0.05065389350056648 ]