forward = [ 0.9840289354324341, -0.16182610392570496, 0.07415792346000671 ]
fov_x = 98.06999969482422
origin = [ 2.427415132522583, 1.9862160682678223, -0.5314218997955322 ]
right = [ -0.0643586665391922, 0.06498530507087708, 0.9958087205886841 ]
up = [ 0.16596703231334686, 0.9846773147583008, -0.05353250727057457 ]