forward = [ 0.961823046207428, -0.24836988747119904, -0.11493028700351715 ]
fov_x = 70.0
origin = [ -0.23435162007808685, 0.1821141541004181, 0.033319879323244095 ]
right = [ 0.1052340716123581, -0.05201563239097595, 0.9930861592292786 ]
up = [ 0.25263088941574097, 0.9672677516937256, 0.023892858996987343 ]