forward = [ -0.8746997117996216, -0.4569300413131714, -0.16160237789154053 ]
fov_x = 70.0
origin = [ 1.598120927810669, 0.859495997428894, 0.5415003299713135 ]
right = [ 0.41969817876815796, -0.54734867811203, -0.7240599989891052 ]
up = [ -0.2423919290304184, 0.7011592984199524, -0.6705384254455566 ]