forward = [ -0.8014698028564453, -0.5959351658821106, 0.05007476359605789 ]
fov_x = 93.54399871826172
origin = [ 0.27814367413520813, 0.7188354730606079, 0.021488623693585396 ]
right = [ 0.041752077639102936, -0.13928626477718353, -0.989371657371521 ]
up = [ -0.5965760350227356, 0.7908607721328735, -0.13651525974273682 ]