forward = [ 0.9655664563179016, 0.2585018277168274, 0.02929569035768509 ]
fov_x = 70.0
origin = [ -7.871668338775635, 5.695337772369385, -0.28541702032089233 ]
right = [ -0.004997048527002335, -0.09415865689516068, 0.9955446720123291 ]
up = [ -0.2601085603237152, 0.9614109396934509, 0.08962469547986984 ]