forward = [ 0.6903076767921448, -0.3160528540611267, 0.650834858417511 ]
fov_x = 70.0
origin = [ -5.7239179611206055, 1.221268892288208, 0.45773011445999146 ]
right = [ -0.6558643579483032, 0.10644977539777756, 0.7473354935646057 ]
up = [ 0.3054787218570709, 0.9427507519721985, 0.13380469381809235 ]