forward = [ 0.9915173649787903, -0.01742531545460224, 0.12880077958106995 ]
fov_x = 70.0
origin = [ -1.042136788368225, 1.3035980463027954, 0.10364273190498352 ]
right = [ -0.12499260157346725, 0.14388974010944366, 0.9816683530807495 ]
up = [ 0.03563899174332619, 0.9894403219223022, -0.14049112796783447 ]