forward = [ 0.4146329462528229, -0.3693474531173706, -0.8316621780395508 ]
fov_x = 70.0
origin = [ -0.2643146514892578, 0.40082213282585144, 0.34070876240730286 ]
right = [ -0.02944090962409973, 0.9080026149749756, -0.4179288446903229 ]
up = [ -0.9095123410224915, -0.19777196645736694, -0.3656138777732849 ]