forward = [ 0.04920392856001854, -0.6275192499160767, -0.7770447134971619 ]
fov_x = 70.0
origin = [ 0.10339942574501038, 1.2244330644607544, 1.8876545429229736 ]
right = [ 0.9978659152984619, 0.06432106345891953, 0.011242876760661602 ]
up = [ -0.04292523115873337, 0.7759397625923157, -0.6293449997901917 ]