forward = [ 0.2616502642631531, -0.8272660374641418, -0.4971620738506317 ]
fov_x = 70.0
origin = [ -0.5741733312606812, 1.0428608655929565, 0.4275466799736023 ]
right = [ 0.9280959367752075, 0.07427215576171875, 0.36485832929611206 ]
up = [ 0.264909565448761, 0.5568793416023254, -0.787215530872345 ]