forward = [ -0.985346794128418, -0.0834154337644577, 0.1487739384174347 ]
fov_x = 70.0
origin = [ 9.106565475463867, 1.1464279890060425, -0.32819437980651855 ]
right = [ -0.15226931869983673, 0.037201568484306335, -0.9876387119293213 ]
up = [ -0.07684968411922455, 0.9958202242851257, 0.049358051270246506 ]