forward = [ -0.959195077419281, 0.09740085154771805, 0.26543891429901123 ]
fov_x = 93.54399871826172
origin = [ 2.1845922470092773, 0.17100898921489716, 0.16652780771255493 ]
right = [ -0.2813495099544525, -0.42195242643356323, -0.8618575930595398 ]
up = [ -0.028056934475898743, 0.9013707637786865, -0.43213844299316406 ]