forward = [ -0.7620798349380493, -0.4002097547054291, -0.5089857578277588 ]
fov_x = 70.0
origin = [ 2.425351142883301, 0.9632148146629333, 1.206344723701477 ]
right = [ 0.3747669756412506, 0.3683946430683136, -0.8507850766181946 ]
up = [ -0.5280001163482666, 0.839117169380188, 0.13076072931289673 ]