forward = [ -0.8047342300415039, 0.5914575457572937, -0.05080243945121765 ]
fov_x = 93.54399871826172
origin = [ 11.71238899230957, 16.072952270507812, -1.0143768787384033 ]
right = [ 0.39924219250679016, 0.4758951961994171, -0.7836641669273376 ]
up = [ 0.4393274188041687, 0.6509237885475159, 0.6191039085388184 ]