forward = [ 0.9216386675834656, -0.21762965619564056, -0.32127803564071655 ]
fov_x = 98.06999969482422
origin = [ -7.60783576965332, 11.573440551757812, -0.7471619844436646 ]
right = [ 0.2312457263469696, -0.356845885515213, 0.9050891399383545 ]
up = [ 0.3116210103034973, 0.9084593653678894, 0.27855706214904785 ]