forward = [ -0.6446223258972168, -0.02030028961598873, 0.7642316818237305 ]
fov_x = 70.0
origin = [ 0.8986034393310547, 0.21676017343997955, -0.48859748244285583 ]
right = [ -0.7635139226913452, 0.06788308918476105, -0.6422137022018433 ]
up = [ 0.03884127736091614, 0.9974867701530457, 0.05925849825143814 ]