forward = [ 0.8662388324737549, -0.49896034598350525, -0.02586495131254196 ]
fov_x = 90.05500030517578
origin = [ -16.496761322021484, 15.0187349319458, -1.6356624364852905 ]
right = [ 0.03735731542110443, 0.01305848453193903, 0.9992166757583618 ]
up = [ 0.4982317388057709, 0.8665264844894409, -0.029951585456728935 ]