forward = [ 0.04681043326854706, 0.9756795167922974, 0.21414563059806824 ]
fov_x = 70.0
origin = [ 1.3594995737075806, 0.2682308554649353, -1.436184048652649 ]
right = [ -0.7043108940124512, 0.18426036834716797, -0.6855613589286804 ]
up = [ 0.7083466649055481, 0.11873366683721542, -0.6958069801330566 ]