forward = [ 0.5867483019828796, -0.502267599105835, -0.6351801753044128 ]
fov_x = 70.0
origin = [ -0.8901786208152771, 0.7903035283088684, 0.5740554928779602 ]
right = [ 0.802436351776123, 0.2553170919418335, 0.5393598675727844 ]
up = [ 0.10873062908649445, 0.8261601328849792, -0.5528446435928345 ]