forward = [ 0.11015589535236359, -0.8458859920501709, -0.5218644738197327 ]
fov_x = 70.0
origin = [ -0.21191495656967163, 0.7701196670532227, 0.30559438467025757 ]
right = [ 0.8143093585968018, -0.22424566745758057, 0.5353636145591736 ]
up = [ 0.5698824524879456, 0.48393261432647705, -0.6641108989715576 ]