forward = [ -0.9447463154792786, 0.2409694343805313, 0.22223469614982605 ]
fov_x = 70.0
origin = [ 8.873719215393066, 1.3683011531829834, -0.11280565708875656 ]
right = [ -0.15959353744983673, 0.2540612518787384, -0.9539302587509155 ]
up = [ 0.2863292098045349, 0.9366891980171204, 0.20156624913215637 ]