forward = [ -0.39583736658096313, -0.32906460762023926, -0.8573384881019592 ]
fov_x = 70.0
origin = [ -0.07727090269327164, 0.3973338007926941, 0.4851880967617035 ]
right = [ 0.9140805006027222, -0.05157525837421417, -0.40223976969718933 ]
up = [ -0.0881454274058342, 0.9428979158401489, -0.3212069571018219 ]