forward = [ -0.8597258925437927, -0.04043053090572357, -0.5091531276702881 ]
fov_x = 93.54399871826172
origin = [ 1.430786371231079, 0.2205447256565094, 1.7286484241485596 ]
right = [ 0.5058660507202148, -0.20501114428043365, -0.8378961682319641 ]
up = [ 0.07050547003746033, 0.9779242873191833, -0.19670581817626953 ]