forward = [ -0.7866823077201843, 0.554506242275238, -0.271392285823822 ]
fov_x = 70.0
origin = [ 0.4084426164627075, 0.5332238674163818, -0.30559399724006653 ]
right = [ 0.22014714777469635, -0.1587352305650711, -0.9624648094177246 ]
up = [ 0.5767722129821777, 0.8169002532958984, -0.00280123483389616 ]