forward = [ 0.9264194965362549, -0.3764614462852478, 0.004887995310127735 ]
fov_x = 93.54399871826172
origin = [ -10.14351749420166, 13.599028587341309, -0.20748771727085114 ]
right = [ -0.005958031862974167, -0.0016780855366960168, 0.9999809265136719 ]
up = [ 0.376446008682251, 0.9264307618141174, 0.0037975795567035675 ]