forward = [ -0.9842045307159424, -0.008245586417615414, 0.17684288322925568 ]
fov_x = 70.0
origin = [ 8.913153648376465, 1.267234206199646, -0.8043392896652222 ]
right = [ -0.17605078220367432, 0.15077169239521027, -0.9727662205696106 ]
up = [ 0.018641870468854904, 0.9885342717170715, 0.1498418152332306 ]