forward = [ 0.025123458355665207, -0.7279458045959473, -0.685174286365509 ]
fov_x = 70.0
origin = [ -0.20928321778774261, 0.44416865706443787, 0.27337318658828735 ]
right = [ 0.962425947189331, -0.16776184737682343, 0.2135237753391266 ]
up = [ 0.27037981152534485, 0.6647939085960388, -0.6963791251182556 ]