forward = [ -0.5430535674095154, -0.10944368690252304, -0.8325352668762207 ]
fov_x = 70.0
origin = [ 0.5016117691993713, 0.2343064844608307, 0.3234965205192566 ]
right = [ 0.8134503364562988, -0.3145240545272827, -0.4892578423023224 ]
up = [ 0.20830616354942322, 0.9429192543029785, -0.25983038544654846 ]