forward = [ 0.6533259153366089, -0.5598219633102417, -0.5096710920333862 ]
fov_x = 84.15699768066406
origin = [ 0.5979166030883789, 2.8799092769622803, 0.3612802028656006 ]
right = [ 0.47454410791397095, -0.22173094749450684, 0.8518470525741577 ]
up = [ 0.5898925065994263, 0.7983951568603516, -0.12079762667417526 ]