forward = [ -0.7159663438796997, -0.23034986853599548, -0.6590381264686584 ]
fov_x = 70.0
origin = [ 1.368931770324707, 0.35156339406967163, 0.731253981590271 ]
right = [ 0.6345592141151428, 0.17886793613433838, -0.7518916130065918 ]
up = [ -0.2910788953304291, 0.9565277099609375, -0.018107209354639053 ]