forward = [ 0.3984296917915344, -0.7101051807403564, -0.5805208086967468 ]
fov_x = 70.0
origin = [ -0.2157549113035202, 0.9619789719581604, 0.6473149657249451 ]
right = [ 0.917195200920105, 0.30666640400886536, 0.25437915325164795 ]
up = [ 0.0026097195222973824, 0.6338030695915222, -0.7734900116920471 ]