forward = [ 0.7291975617408752, 0.2511416971683502, 0.6365522742271423 ]
fov_x = 93.54399871826172
origin = [ 1.1459609270095825, 2.277888298034668, -0.4406910538673401 ]
right = [ -0.4356320798397064, 0.887742280960083, 0.14879022538661957 ]
up = [ 0.5277268886566162, 0.3858000338077545, -0.7567448019981384 ]