forward = [ 0.7381975650787354, -0.13050563633441925, -0.6618404388427734 ]
fov_x = 90.05500030517578
origin = [ -27.586673736572266, 13.767380714416504, 2.3436784744262695 ]
right = [ 0.6745409965515137, 0.13163837790489197, 0.7264061570167542 ]
up = [ 0.007676498964428902, 0.9826697111129761, -0.18520651757717133 ]