forward = [ 0.25039440393447876, -0.09678369760513306, -0.9632941484451294 ]
fov_x = 65.91200256347656
origin = [ 0.7407177686691284, 0.7488560080528259, 0.7899283766746521 ]
right = [ 0.9589371681213379, -0.1121002733707428, 0.2605247497558594 ]
up = [ 0.13320007920265198, 0.9889724254608154, -0.06474019587039948 ]