forward = [ -0.0430595763027668, -0.1563214361667633, -0.9867672324180603 ]
fov_x = 70.0
origin = [ -0.19623690843582153, 0.6542577743530273, 3.5013842582702637 ]
right = [ 0.9989221692085266, 0.01039835624396801, -0.04523726552724838 ]
up = [ -0.01733230985701084, 0.987651526927948, -0.15570518374443054 ]