forward = [ 0.735623300075531, -0.4812328815460205, 0.47673192620277405 ]
fov_x = 70.0
origin = [ -2.182741403579712, 0.7015438675880432, 0.8750953674316406 ]
right = [ -0.49978819489479065, 0.08946933597326279, 0.8615143895149231 ]
up = [ 0.4572419822216034, 0.872015118598938, 0.17469879984855652 ]