forward = [ -0.9943825006484985, -0.08238977193832397, -0.06644919514656067 ]
fov_x = 70.0
origin = [ 0.008347224444150925, 0.0015177862951532006, 0.00018101264140568674 ]
right = [ -0.006009269505739212, 0.6707165241241455, -0.7416895031929016 ]
up = [ -0.10567618906497955, 0.7371236681938171, 0.6674438118934631 ]