forward = [ -0.7141130566596985, 0.022134853526949883, -0.6996803879737854 ]
fov_x = 70.0
origin = [ -7.295832633972168, 7.726517677307129, 0.2499365210533142 ]
right = [ 0.5920244455337524, 0.5524683594703674, -0.5867587327957153 ]
up = [ -0.3735634982585907, 0.8332399725914001, 0.4076293110847473 ]