forward = [ 0.6741239428520203, -0.35467806458473206, -0.6478891968727112 ]
fov_x = 65.91200256347656
origin = [ -8.263174057006836, 11.17011547088623, -0.36531421542167664 ]
right = [ 0.4175896942615509, -0.5405060648918152, 0.7303916811943054 ]
up = [ 0.6092419624328613, 0.7629263997077942, 0.2162581831216812 ]