forward = [ 0.615654468536377, -0.7694720029830933, -0.16994866728782654 ]
fov_x = 90.05500030517578
origin = [ -9.952194213867188, 16.2893123626709, -0.7902519702911377 ]
right = [ 0.11196072399616241, -0.1280653327703476, 0.9854258894920349 ]
up = [ 0.7800220847129822, 0.6257093548774719, -0.007306643761694431 ]