forward = [ -0.9352681040763855, -0.3528144061565399, -0.028203867375850677 ]
fov_x = 90.05500030517578
origin = [ 6.5263752937316895, 1.7274070978164673, 0.2014593929052353 ]
right = [ -0.0337580181658268, 0.16824236512184143, -0.9851674437522888 ]
up = [ -0.3523264229297638, 0.9204437136650085, 0.16926205158233643 ]