forward = [ -0.017801618203520775, -0.07330106943845749, -0.9971510171890259 ]
fov_x = 65.91200256347656
origin = [ 0.0768430307507515, 0.7011258602142334, 2.334282398223877 ]
right = [ 0.9998192191123962, 0.005354114342480898, -0.018242835998535156 ]
up = [ -0.006676079705357552, 0.9972955584526062, -0.07319251447916031 ]