forward = [ 0.31071749329566956, -0.15776939690113068, 0.9373172521591187 ]
fov_x = 93.54399871826172
origin = [ -0.025952041149139404, 0.5681976079940796, -0.1677376627922058 ]
right = [ -0.9503108859062195, -0.03177352622151375, 0.30967673659324646 ]
up = [ 0.019075633957982063, 0.986964762210846, 0.15980255603790283 ]