forward = [ -0.6240946650505066, -0.3285125494003296, -0.7089325785636902 ]
fov_x = 65.91200256347656
origin = [ 2.6428163051605225, 1.4663716554641724, 2.965236186981201 ]
right = [ 0.7789519429206848, -0.3326038122177124, -0.5316094160079956 ]
up = [ 0.06115330010652542, 0.8839990496635437, -0.46347180008888245 ]