forward = [ 0.8166424632072449, -0.4968005120754242, 0.29374200105667114 ]
fov_x = 70.0
origin = [ -2.523667097091675, 1.5249501466751099, -1.0682188272476196 ]
right = [ -0.04582962021231651, 0.4515305161476135, 0.8910778760910034 ]
up = [ 0.5753214955329895, 0.7411541938781738, -0.34597083926200867 ]