forward = [ 0.27459579706192017, -0.6019911170005798, -0.7498025894165039 ]
fov_x = 70.0
origin = [ -0.4737374186515808, 0.9174269437789917, 0.7740111351013184 ]
right = [ 0.9615069627761841, 0.18007442355155945, 0.20755140483379364 ]
up = [ -0.010076159611344337, 0.7779331207275391, -0.6282663345336914 ]