forward = [ 0.7230709791183472, -0.6408851146697998, -0.25774914026260376 ]
fov_x = 93.54399871826172
origin = [ 0.3469918966293335, 3.9774105548858643, -0.374802827835083 ]
right = [ 0.2953812777996063, -0.050435326993465424, 0.9540473222732544 ]
up = [ 0.6244344115257263, 0.7659781575202942, -0.1528371423482895 ]