forward = [ -0.9934253692626953, -0.07128997147083282, -0.08957653492689133 ]
fov_x = 70.0
origin = [ 6.483656883239746, 0.9017714262008667, -0.4984944760799408 ]
right = [ 0.08539890497922897, 0.05964117497205734, -0.9945602416992188 ]
up = [ -0.07624460756778717, 0.9956709742546082, 0.05316096544265747 ]