forward = [ -0.6634367108345032, -0.24782833456993103, 0.7059977650642395 ]
fov_x = 93.54399871826172
origin = [ 0.12452077120542526, 0.5669366717338562, -0.07889172434806824 ]
right = [ -0.7410035729408264, 0.3484613597393036, -0.5740108489990234 ]
up = [ 0.10375680029392242, 0.9039666652679443, 0.4148236811161041 ]