forward = [ 0.8127522468566895, -0.5089146494865417, -0.2836187779903412 ]
fov_x = 70.0
origin = [ -0.5431929230690002, 0.4789048731327057, 0.40024545788764954 ]
right = [ 0.5243668556213379, 0.4268113374710083, 0.7367981672286987 ]
up = [ 0.2539156675338745, 0.7475546598434448, -0.6137498617172241 ]