forward = [ 0.8694814443588257, -0.22870053350925446, -0.21009276807308197 ]
origin = [ 4.028398036956787, 3.729849338531494, 0.19012080132961273 ]
right = [ 0.3089684545993805, 0.5739924907684326, 0.6538537740707397 ]
up = [ 0.033954963088035583, 0.7430618405342102, -0.6683496236801147 ]