forward = [ 0.009810502640902996, -0.23493874073028564, -0.971960723400116 ]
fov_x = 70.0
origin = [ 0.39846378564834595, 0.5441035628318787, 1.5471160411834717 ]
right = [ 0.9737505912780762, -0.21880654990673065, 0.06271767616271973 ]
up = [ 0.22740620374679565, 0.947062611579895, -0.22662512958049774 ]