forward = [ 0.031985778361558914, -0.060496214777231216, -0.9976558685302734 ]
fov_x = 70.0
origin = [ 0.5172340869903564, 0.26026177406311035, 1.584788203239441 ]
right = [ 0.9650278687477112, 0.2617138922214508, 0.015069793909788132 ]
up = [ -0.2601886987686157, 0.9632476568222046, -0.06675165146589279 ]