forward = [ -0.3097752630710602, -0.5464522242546082, -0.7780933380126953 ]
fov_x = 70.0
origin = [ 1.0482357740402222, 1.241026520729065, 1.7867839336395264 ]
right = [ 0.9378570318222046, -0.040991201996803284, -0.3445925712585449 ]
up = [ -0.1564083993434906, 0.8364865779876709, -0.525192141532898 ]