forward = [ 0.9233890175819397, -0.38369646668434143, -0.011392815969884396 ]
fov_x = 70.0
origin = [ -1.6411880254745483, 0.8366237878799438, -0.23275215923786163 ]
right = [ -0.034536246210336685, -0.1125991940498352, 0.9930400848388672 ]
up = [ 0.38230881094932556, 0.9165688753128052, 0.1172243058681488 ]