forward = [ 0.8184249997138977, -0.0933661162853241, 0.566977322101593 ]
fov_x = 70.0
origin = [ -10.620075225830078, 13.356673240661621, -1.3706676959991455 ]
right = [ -0.4826882779598236, 0.42363354563713074, 0.7665159106254578 ]
up = [ 0.31175723671913147, 0.9010090827941895, -0.30164554715156555 ]