forward = [ 0.9869078993797302, 0.1539851427078247, -0.04797299578785896 ]
fov_x = 65.91200256347656
origin = [ 0.6155296564102173, 8.020842552185059, 0.28562358021736145 ]
right = [ 0.04528705030679703, 0.020905515179038048, 0.9987553358078003 ]
up = [ -0.15479637682437897, 0.9878520369529724, -0.013658285140991211 ]