forward = [ -0.09267273545265198, -0.1775684952735901, -0.979735255241394 ]
fov_x = 85.58300018310547
origin = [ 0.4270557165145874, 0.34681278467178345, 0.5941079258918762 ]
right = [ 0.9790089130401611, -0.19564276933670044, -0.05714548006653786 ]
up = [ 0.1815308779478073, 0.9644653797149658, -0.19197186827659607 ]