forward = [ -0.6084100604057312, -0.681355357170105, -0.40693026781082153 ]
fov_x = 70.0
origin = [ 0.21302376687526703, 0.5134012699127197, 0.6023958325386047 ]
right = [ 0.6733439564704895, -0.17178672552108765, -0.7190948128700256 ]
up = [ -0.4200538098812103, 0.7115085124969482, -0.5633032321929932 ]