forward = [ 0.914327085018158, -0.4047195315361023, 0.014421885833144188 ]
fov_x = 93.54399871826172
origin = [ 0.6075552105903625, 2.4445064067840576, -1.1593478918075562 ]
right = [ 0.006583496928215027, 0.050461288541555405, 0.9987043142318726 ]
up = [ 0.4049229621887207, 0.9130476117134094, -0.04880259931087494 ]