forward = [ -0.3132449686527252, -0.25864872336387634, -0.9137716293334961 ]
fov_x = 70.0
origin = [ 0.5775029063224792, 0.19356143474578857, 0.8994866013526917 ]
right = [ 0.9496031403541565, -0.07368580996990204, -0.30467092990875244 ]
up = [ -0.011470746248960495, 0.9631569981575012, -0.26869532465934753 ]