forward = [ 0.6596887707710266, -0.0363476388156414, -0.7506594657897949 ]
fov_x = 93.54399871826172
origin = [ 0.7323916554450989, 11.085264205932617, -0.5538879632949829 ]
right = [ 0.7491552233695984, -0.047685712575912476, 0.6606758236885071 ]
up = [ 0.05980973318219185, 0.9982008337974548, 0.004227702040225267 ]