forward = [ -0.948276698589325, -0.25172317028045654, -0.19340859353542328 ]
fov_x = 90.05500030517578
origin = [ 0.0645144060254097, 1.6500613689422607, 0.30735036730766296 ]
right = [ 0.20346954464912415, -0.014313023537397385, -0.9789767265319824 ]
up = [ -0.24366281926631927, 0.9676934480667114, -0.06479069590568542 ]