forward = [ 0.9070858955383301, -0.23540934920310974, 0.34896665811538696 ]
fov_x = 70.0
origin = [ -1.710924744606018, 0.39276430010795593, -0.2930329442024231 ]
right = [ -0.3420312702655792, 0.07106413692235947, 0.9369975924491882 ]
up = [ 0.24537700414657593, 0.9692947864532471, 0.016056079417467117 ]