forward = [ -0.13082155585289001, 0.21017682552337646, 0.9688711762428284 ]
fov_x = 70.0
origin = [ 1.2034482955932617, 0.27995529770851135, -1.270229458808899 ]
right = [ -0.9579035639762878, 0.22511081397533417, -0.17817385494709015 ]
up = [ 0.25555142760276794, 0.9513942003250122, -0.17187979817390442 ]