forward = [ -0.44890958070755005, -0.7882832884788513, 0.4208203852176666 ]
fov_x = 70.0
origin = [ 0.6489498019218445, 1.0036540031433105, -0.7581374645233154 ]
right = [ -0.08094760775566101, -0.43312862515449524, -0.897689938545227 ]
up = [ -0.88990318775177, 0.43704596161842346, -0.13062593340873718 ]