forward = [ -0.511271595954895, 0.14523810148239136, 0.847058117389679 ]
fov_x = 70.0
origin = [ 1.3660966157913208, 0.20710815489292145, -0.6330122351646423 ]
right = [ -0.8010174632072449, -0.43766191601753235, -0.40843987464904785 ]
up = [ -0.3114039897918701, 0.8873319029808044, -0.34010231494903564 ]