forward = [ -0.9006054997444153, -0.3952712118625641, 0.18074996769428253 ]
fov_x = 93.54399871826172
origin = [ 6.522934913635254, 3.66182017326355, 0.30362042784690857 ]
right = [ -0.210119366645813, 0.03191214054822922, -0.9771548509597778 ]
up = [ -0.3804730176925659, 0.9180099964141846, 0.1117943674325943 ]