forward = [ 0.11074217408895493, -0.37128907442092896, -0.9218896627426147 ]
fov_x = 70.0
origin = [ -0.34861063957214355, 0.5602023601531982, 2.2681846618652344 ]
right = [ 0.99378502368927, 0.051916658878326416, 0.09846930205821991 ]
up = [ -0.011300855316221714, 0.9270647764205933, -0.3747308552265167 ]