forward = [ -0.7904230356216431, -0.4108247756958008, -0.4543725550174713 ]
fov_x = 70.0
origin = [ 0.27284204959869385, 0.324301540851593, 0.15477101504802704 ]
right = [ 0.5840377807617188, -0.28171437978744507, -0.761273205280304 ]
up = [ -0.1847466230392456, 0.8670986294746399, -0.46261072158813477 ]