forward = [ 0.7530587911605835, -0.322533518075943, 0.5734760165214539 ]
fov_x = 70.0
origin = [ -1.388967752456665, 0.6697349548339844, -1.2122926712036133 ]
right = [ -0.6405348181724548, -0.16015437245368958, 0.7510431408882141 ]
up = [ 0.15039190649986267, 0.9329109191894531, 0.3271995782852173 ]