forward = [ -0.7594953179359436, -0.6262381076812744, 0.17604801058769226 ]
fov_x = 93.54399871826172
origin = [ 3.467918872833252, 9.354470252990723, -0.47408151626586914 ]
right = [ -0.08171237260103226, -0.17664416134357452, -0.9808771014213562 ]
up = [ -0.6453604102134705, 0.7593567967414856, -0.08298899233341217 ]