forward = [ -0.27802520990371704, -0.4337163269519806, -0.8570834994316101 ]
fov_x = 70.0
origin = [ 1.083078384399414, 1.008360743522644, 1.4569224119186401 ]
right = [ 0.950304388999939, 0.0059309303760528564, -0.3112659752368927 ]
up = [ -0.14008444547653198, 0.9010300040245056, -0.41051360964775085 ]