forward = [ 0.958139955997467, -0.02405940741300583, 0.2852877676486969 ]
fov_x = 70.0
origin = [ -0.4014979898929596, 0.545240044593811, 0.5457389950752258 ]
right = [ -0.26646941900253296, -0.4393453001976013, 0.8578867316246033 ]
up = [ -0.10469959676265717, 0.8979960083961487, 0.42736536264419556 ]