forward = [ 0.8398596048355103, -0.5188673734664917, 0.1594126969575882 ]
fov_x = 93.54399871826172
origin = [ -0.34433096647262573, 3.462641477584839, -1.008332371711731 ]
right = [ -0.1974843144416809, -0.01852835901081562, 0.9801310300827026 ]
up = [ 0.5056043267250061, 0.8546538949012756, 0.11802937835454941 ]