forward = [ 0.7530339956283569, -0.39421072602272034, -0.526818573474884 ]
fov_x = 70.0
origin = [ -0.6573997139930725, 0.5290063619613647, 0.5561620593070984 ]
right = [ 0.6564016938209534, 0.39462292194366455, 0.6429693698883057 ]
up = [ 0.0455707423388958, 0.8299823999404907, -0.5559250712394714 ]