forward = [ -0.8321574926376343, -0.550383985042572, 0.0677603930234909 ]
fov_x = 98.06999969482422
origin = [ 7.229213714599609, 11.68014907836914, -0.02721872553229332 ]
right = [ -0.019138770177960396, -0.09361443668603897, -0.9954246282577515 ]
up = [ -0.5542090535163879, 0.8296467661857605, -0.0673682689666748 ]