forward = [ -0.764850378036499, -0.4683765769004822, -0.44229769706726074 ]
fov_x = 93.54399871826172
origin = [ 1.6807935237884521, 1.2377688884735107, 1.8503016233444214 ]
right = [ 0.5983381867408752, -0.26205703616142273, -0.7571774125099182 ]
up = [ -0.23873692750930786, 0.8437710404396057, -0.48068201541900635 ]