forward = [ 0.9548463821411133, -0.2101047784090042, -0.21005812287330627 ]
fov_x = 70.0
origin = [ -4.077243328094482, 2.8597042560577393, 0.10120459645986557 ]
right = [ 0.20127110183238983, -0.06261447072029114, 0.9775322675704956 ]
up = [ 0.21853689849376678, 0.9756718277931213, 0.017499178647994995 ]