forward = [ 5.211752522882307e-07, -1.285837015529978e-06, -2.667989429028239e-05 ]
fov_x = 42.30799865722656
origin = [ 0.15229396522045135, 0.23476454615592957, 2.7146475315093994 ]
right = [ 2.6706067728810012e-05, -5.632497845908802e-07, 5.48832360891538e-07 ]
up = [ 0.02204039879143238, 0.998555064201355, -0.047694798558950424 ]