forward = [ 0.9413161873817444, -0.2977757155895233, -0.15891391038894653 ]
fov_x = 90.05500030517578
origin = [ -0.9082616567611694, 1.3378636837005615, 0.9197165369987488 ]
right = [ 0.2869318425655365, 0.4580315053462982, 0.8413544297218323 ]
up = [ 0.17774733901023865, 0.8375779986381531, -0.5165938138961792 ]