forward = [ -0.9951270818710327, -0.07936112582683563, 0.058514177799224854 ]
fov_x = 70.0
origin = [ 6.477509021759033, 1.7190278768539429, -0.22180013358592987 ]
right = [ -0.055444590747356415, -0.0403476357460022, -0.9976462125778198 ]
up = [ -0.0815352350473404, 0.9960291385650635, -0.03575088083744049 ]