forward = [ -0.5116894245147705, -0.7330037951469421, 0.4481958746910095 ]
fov_x = 98.06999969482422
origin = [ 4.6768903732299805, 9.96332836151123, -0.6075325608253479 ]
right = [ -0.44964998960494995, -0.21604596078395844, -0.866682767868042 ]
up = [ -0.7321126461029053, 0.6450036764144897, 0.2190466821193695 ]