forward = [ -0.42371314764022827, -0.6340295672416687, -0.6468954682350159 ]
fov_x = 93.54399871826172
origin = [ 1.0305109024047852, 2.0623972415924072, 1.6715956926345825 ]
right = [ 0.8666925430297852, -0.0762074664235115, -0.4929872751235962 ]
up = [ -0.26327022910118103, 0.7695446610450745, -0.581798791885376 ]