forward = [ -0.598938524723053, -0.44524115324020386, -0.6656073331832886 ]
fov_x = 93.54399871826172
origin = [ 0.8016693592071533, 0.8260577917098999, 0.955579936504364 ]
right = [ 0.5751671195030212, 0.33914685249328613, -0.7444207668304443 ]
up = [ -0.5571853518486023, 0.828697681427002, -0.05295997112989426 ]