pitch = 0.049999624490737915
position = [ -10.149361610412598, 11.239731788635254, -0.4377793073654175 ]
yaw = 1.5099990367889404