forward = [ 0.3633871376514435, -0.2353508174419403, 0.9014210104942322 ]
fov_x = 70.0
origin = [ -0.5983111262321472, 0.6216982007026672, -1.0181459188461304 ]
right = [ -0.7986685633659363, 0.4194656014442444, 0.43148258328437805 ]
up = [ 0.4796648919582367, 0.8767318725585938, 0.035538896918296814 ]