forward = [ -0.9906450510025024, 0.10018894821405411, -0.09265295416116714 ]
fov_x = 90.05500030517578
origin = [ 3.824413537979126, 5.988711357116699, 0.1730024516582489 ]
right = [ 0.08395035564899445, -0.0878480076789856, -0.992590069770813 ]
up = [ 0.10758593678474426, 0.9910826683044434, -0.07861529290676117 ]