forward = [ 0.8712800145149231, -0.3910847008228302, -0.2965194880962372 ]
fov_x = 90.05500030517578
origin = [ -7.244699478149414, 2.477201461791992, 0.09908007830381393 ]
right = [ 0.29718247056007385, -0.06041281297802925, 0.9529075622558594 ]
up = [ 0.3905811607837677, 0.9183697700500488, -0.06358703970909119 ]