forward = [ -0.8668944239616394, -0.092964768409729, 0.4897466003894806 ]
fov_x = 90.05500030517578
origin = [ 3.317624568939209, 2.8159360885620117, -0.7459446787834167 ]
right = [ -0.4832688868045807, -0.0842079445719719, -0.8714128732681274 ]
up = [ -0.1222512349486351, 0.9921020865440369, -0.028072411194443703 ]