forward = [ 0.5161625742912292, -0.7353585958480835, 0.43911728262901306 ]
fov_x = 93.54399871826172
origin = [ -5.213678359985352, 16.23687744140625, -3.919769763946533 ]
right = [ -0.7204373478889465, -0.09550084173679352, 0.6869131326675415 ]
up = [ 0.463191419839859, 0.6709153056144714, 0.5790737271308899 ]