forward = [ 0.6354329586029053, -0.7641735076904297, -0.11074259877204895 ]
fov_x = 70.0
origin = [ -1.8648761510849, 1.2116706371307373, -0.4237639904022217 ]
right = [ 0.7061899900436401, 0.5171359777450562, 0.48359712958335876 ]
up = [ 0.31228309869766235, 0.3854988217353821, -0.8682568669319153 ]