forward = [ 0.10150713473558426, -0.7695153951644897, -0.630509614944458 ]
fov_x = 70.0
origin = [ -0.4737374186515808, 0.9174269437789917, 0.7740111351013184 ]
right = [ 0.9934792518615723, 0.04533516988158226, 0.10461239516735077 ]
up = [ 0.05191658064723015, 0.6370171308517456, -0.7690993547439575 ]