forward = [ 0.9792172908782959, 0.20010612905025482, -0.03303099796175957 ]
fov_x = 70.0
origin = [ -8.571006774902344, 1.8252860307693481, -0.42144978046417236 ]
right = [ 0.018837329000234604, 0.07242428511381149, 0.9971960783004761 ]
up = [ -0.20193728804588318, 0.9770938158035278, -0.06714964658021927 ]