forward = [ 0.41463297605514526, -0.3693474531173706, -0.8316621780395508 ]
fov_x = 70.0
origin = [ -0.2643146514892578, 0.40082213282585144, 0.34070876240730286 ]
right = [ -0.029440920799970627, 0.9080026149749756, -0.4179288446903229 ]
up = [ -0.909512460231781, -0.19777199625968933, -0.3656139075756073 ]