forward = [ 0.5727143287658691, -0.10881183296442032, -0.8125011920928955 ]
fov_x = 70.0
origin = [ -1.1098897457122803, -0.07192683219909668, 1.3260524272918701 ]
right = [ 0.7956880331039429, 0.31219181418418884, 0.5190536975860596 ]
up = [ -0.19717708230018616, 0.9437670707702637, -0.265377014875412 ]