forward = [ -0.30115488171577454, -0.43574702739715576, -0.8481923937797546 ]
fov_x = 90.05500030517578
origin = [ 0.5636802315711975, 1.3405680656433105, 1.518953561782837 ]
right = [ 0.9172546863555908, -0.3755265772342682, -0.13275425136089325 ]
up = [ 0.2606714963912964, 0.8179879784584045, -0.512782633304596 ]