forward = [ 0.23700959980487823, -0.7022490501403809, -0.6713216304779053 ]
fov_x = 90.05500030517578
origin = [ -0.5298919677734375, 0.8274495601654053, 1.6841238737106323 ]
right = [ 0.7843482494354248, 0.5460611581802368, -0.29430437088012695 ]
up = [ -0.5732576251029968, 0.45679694414138794, -0.6802295446395874 ]