forward = [ 0.5992525815963745, -0.7310815453529358, 0.32621505856513977 ]
fov_x = 93.54399871826172
origin = [ -2.436413049697876, 3.049715280532837, -1.8061245679855347 ]
right = [ -0.16558873653411865, 0.28547877073287964, 0.9439715147018433 ]
up = [ 0.7832476496696472, 0.6196948885917664, -0.05001501366496086 ]