forward = [ 0.6286225914955139, -0.5568591952323914, 0.5429009795188904 ]
fov_x = 90.05500030517578
origin = [ -15.977869033813477, 17.12810707092285, -7.324670314788818 ]
right = [ -0.7251476049423218, -0.16740699112415314, 0.6679340600967407 ]
up = [ 0.28105980157852173, 0.8135617971420288, 0.5090409517288208 ]