forward = [ 0.27389177680015564, -0.23263385891914368, 0.9332014322280884 ]
fov_x = 93.54399871826172
origin = [ -0.0026696124114096165, 0.00480286730453372, -0.005787915084511042 ]
right = [ 0.09793756902217865, -0.9585151076316833, -0.2676885724067688 ]
up = [ -0.9567610025405884, -0.16471315920352936, 0.23974578082561493 ]