forward = [ 0.6893787384033203, -0.3132225275039673, -0.6531835198402405 ]
fov_x = 70.0
origin = [ -1.1981837749481201, 0.6057512760162354, 1.1958342790603638 ]
right = [ 0.6453593969345093, -0.14401467144489288, 0.750180721282959 ]
up = [ 0.3290415108203888, 0.9386967420578003, -0.1028604507446289 ]