forward = [ -0.2756844162940979, -0.39301905035972595, -0.8772309422492981 ]
fov_x = 70.0
origin = [ 0.07032517343759537, 0.23466958105564117, 0.33845993876457214 ]
right = [ 0.9593466520309448, -0.055120617151260376, -0.2767953872680664 ]
up = [ -0.060432352125644684, 0.9178767800331116, -0.39223742485046387 ]