forward = [ -0.921549379825592, 0.10086584091186523, 0.37493059039115906 ]
fov_x = 90.05500030517578
origin = [ 9.419325828552246, 13.964839935302734, -0.5539224743843079 ]
right = [ -0.3465917110443115, 0.22151002287864685, -0.9114865064620972 ]
up = [ 0.1749887317419052, 0.9699276089668274, 0.16917315125465393 ]