forward = [ -0.24181336164474487, -0.7935482859611511, -0.558397114276886 ]
fov_x = 70.0
origin = [ 2.200157880783081, 3.3194174766540527, 1.377911925315857 ]
right = [ 0.8778159022331238, 0.06631934642791748, -0.47438502311706543 ]
up = [ -0.4134799540042877, 0.6048824787139893, -0.6805524230003357 ]