forward = [ 0.2182203233242035, -0.6591060757637024, -0.7196937799453735 ]
fov_x = 93.54399871826172
origin = [ -4.364757061004639, 5.155294895172119, 3.9440622329711914 ]
right = [ 0.8474045991897583, -0.23779484629631042, 0.4747198820114136 ]
up = [ 0.48403024673461914, 0.7134653925895691, -0.5066378712654114 ]