forward = [ -0.8080958724021912, -0.4802100658416748, 0.3411443531513214 ]
fov_x = 93.54399871826172
origin = [ -1.0030878782272339, 3.0761022567749023, -0.5032833218574524 ]
right = [ -0.3079946041107178, -0.1492154449224472, -0.9396137595176697 ]
up = [ -0.5021160244941711, 0.8643686771392822, 0.02732173353433609 ]