forward = [ 0.7070564031600952, -0.312185674905777, -0.634516716003418 ]
fov_x = 93.54399871826172
origin = [ -10.694464683532715, 13.664053916931152, -0.8493204116821289 ]
right = [ 0.6200509071350098, -0.1577329933643341, 0.7685422301292419 ]
up = [ 0.3400121033191681, 0.9368353486061096, -0.08204486966133118 ]