forward = [ -0.02112670987844467, -0.11387413740158081, -0.9932705163955688 ]
fov_x = 70.0
origin = [ 0.19545479118824005, 0.3127657473087311, 1.69260835647583 ]
right = [ 0.9997440576553345, 0.005647388752549887, -0.021911848336458206 ]
up = [ -0.008104576729238033, 0.9934791326522827, -0.1137256771326065 ]