forward = [ 0.18584422767162323, 0.16507688164710999, -0.9686132669448853 ]
fov_x = 70.0
origin = [ -0.10572254657745361, -0.14922329783439636, 3.050224542617798 ]
right = [ 0.9806323647499084, -0.09318544715642929, 0.1722690761089325 ]
up = [ 0.06182302162051201, 0.9818687438964844, 0.17919771373271942 ]