forward = [ 0.1895996481180191, -0.42719852924346924, -0.8840551376342773 ]
fov_x = 70.0
origin = [ -0.2791168987751007, 0.40946289896965027, 0.6634087562561035 ]
right = [ 0.9814742803573608, 0.10774433612823486, 0.15842784941196442 ]
up = [ -0.027571795508265495, 0.8977152705192566, -0.43971264362335205 ]