forward = [ 0.6476211547851562, 0.6759946942329407, 0.35159364342689514 ]
fov_x = 70.0
origin = [ -1.0081279277801514, -2.88649320602417, -1.2815163135528564 ]
right = [ -0.7302342057228088, 0.6823973655700684, 0.033044204115867615 ]
up = [ 0.2175888568162918, 0.27814581990242004, -0.9355694055557251 ]