forward = [ -0.8324518203735352, -0.4481326937675476, -0.325885146856308 ]
fov_x = 70.0
origin = [ 1.9682140350341797, 1.216537594795227, 0.8872844576835632 ]
right = [ 0.5440244078636169, -0.7726503014564514, -0.3271835446357727 ]
up = [ 0.10517361015081406, 0.4496539533138275, -0.886989176273346 ]