forward = [ 0.032171886414289474, -0.822675347328186, 0.5676003694534302 ]
fov_x = 93.54399871826172
origin = [ 3.902120351791382, 3.105172872543335, -0.5800597667694092 ]
right = [ -0.11016879230737686, -0.567352831363678, -0.8160721063613892 ]
up = [ -0.9933921098709106, 0.036277271807193756, 0.10888596624135971 ]