forward = [ -0.7950708866119385, -0.2073984593153, -0.569954514503479 ]
fov_x = 70.0
origin = [ 1.299322247505188, 0.16352109611034393, 0.3132437765598297 ]
right = [ 0.5988650321960449, -0.4172407388687134, -0.6835722327232361 ]
up = [ 0.09603636711835861, 0.8848141431808472, -0.4559395909309387 ]