forward = [ 0.511228084564209, 0.1172192245721817, -0.8514138460159302 ]
fov_x = 70.0
origin = [ -0.31583255529403687, 0.1842431277036667, 0.29498979449272156 ]
right = [ 0.8594430685043335, -0.07185789942741394, 0.5061560869216919 ]
up = [ 0.0018495852127671242, 0.9905030131340027, 0.1374790370464325 ]