forward = [ 0.9757675528526306, -0.1619945466518402, -0.1470899134874344 ]
fov_x = 90.05500030517578
origin = [ -27.586673736572266, 13.767380714416504, 2.3436784744262695 ]
right = [ 0.11990664154291153, -0.16643205285072327, 0.9787353277206421 ]
up = [ 0.18303026258945465, 0.9726552367210388, 0.14297477900981903 ]