forward = [ 0.5448968410491943, -0.816027820110321, -0.1928371638059616 ]
fov_x = 70.0
origin = [ -0.34906259179115295, 0.7927689552307129, 0.3123303949832916 ]
right = [ 0.8383084535598755, 0.5351234078407288, 0.10431627929210663 ]
up = [ -0.01806669682264328, 0.21849863231182098, -0.9756700396537781 ]