forward = [ -0.2848258316516876, -0.30790090560913086, -0.9077837467193604 ]
fov_x = 70.0
origin = [ 0.8964031934738159, 0.8663581013679504, 2.017529249191284 ]
right = [ 0.9554819464683533, -0.01512330211699009, -0.29466208815574646 ]
up = [ -0.0769980251789093, 0.9512982368469238, -0.29850125312805176 ]