forward = [ 0.5209435820579529, 0.611948549747467, 0.5950940251350403 ]
fov_x = 65.91200256347656
origin = [ -0.0038526547141373158, -0.003998742438852787, -0.004885652102530003 ]
right = [ -0.7503039240837097, -0.004148541949689388, 0.6610799431800842 ]
up = [ -0.40701571106910706, 0.7908868193626404, -0.45698630809783936 ]